200
0.0000000000000000e+00 2.9638411381149969e-03 9.9999560781320840e-01
1.0000000000000000e+00 0.0000000000000000e+00 0.0000000000000000e+00
-0.0000000000000000e+00 9.9999560781320840e-01 -2.9638411381149969e-03
1.5629633285985478e-01 7.8405920856941883e-03 9.8767908829250173e-01
9.8721063062330106e-01 3.0560376125690129e-02 -1.5646480177791042e-01
-3.1410621116207155e-02 9.9950217034621902e-01 -2.9638411381149969e-03
3.0828982973484076e-01 2.2220248072192791e-02 9.5103293395006727e-01
9.4921797611135161e-01 5.8801867649204843e-02 -3.0907535357584714e-01
-6.2790243741622856e-02 9.9802234490845732e-01 -2.9638411381149969e-03
4.5181064133269755e-01 4.5361126832749642e-02 8.9095988268327764e-01
8.8713631846543939e-01 8.2507268557856756e-02 -4.5407235447085775e-01
-9.4107899977223575e-02 9.9555759190896886e-01 -2.9638411381149969e-03
5.8295048621741274e-01 7.6060407967719443e-02 8.0893976596447903e-01
8.0278294025939501e-01 9.9658818683741240e-02 -5.8788406228357803e-01
-1.2533268307733125e-01 9.9211034376139096e-01 -2.9638411381149969e-03
6.9818257221542768e-01 1.1270279996569436e-01 7.0699305140470925e-01
6.9861975993431258e-01 1.0852829178678390e-01 -7.0721428217419802e-01
-1.5643377795083976e-01 9.8768400248345400e-01 -2.9638411381149969e-03
7.9446890114972990e-01 1.5332610675870281e-01 5.8763106630960171e-01
5.7767440352172450e-01 1.0775591845588504e-01 -8.0912356630711757e-01
-1.8738049157198969e-01 9.8228293633960051e-01 -2.9638411381149969e-03
8.6935143292606498e-01 1.9570123862425917e-01 4.5379412873056035e-01
4.4344337893225155e-01 9.6415067835727369e-02 -8.9110162404485582e-01
-2.1814228327067900e-01 9.7591247553003591e-01 -2.9638411381149969e-03
9.2102413843640596e-01 2.3742366638471968e-01 3.0877911046233897e-01
2.9978061932416644e-01 7.4060135631961316e-02 -9.5112915873071346e-01
-2.4868879487241718e-01 9.6857890693046422e-01 -2.9638411381149969e-03
9.4838362536231702e-01 2.7601288097855881e-01 1.5615821681405176e-01
1.5077514926195185e-01 4.0755703869182758e-02 -9.8772760767691603e-01
-2.7898988065817837e-01 9.6028946788770075e-01 -2.9638411381149969e-03
9.5105675390788580e-01 3.0901610856965722e-01 -3.0901563219642742e-04
6.2198461510710209e-04 -2.9142717943758480e-03 -9.9999556006766710e-01
-3.0901563711458629e-01 9.5105233907728459e-01 -2.9638411381149969e-03
9.2940444520425725e-01 3.3411235591884386e-01 -1.5676833499443227e-01
-1.4650940778308996e-01 -5.5857753645011284e-02 -9.8763095576676896e-01
-3.3873643244507223e-01 9.4087663643013963e-01 -2.9638411381149969e-03
8.8450169622383878e-01 3.4921282837191009e-01 -3.0936572188534855e-01
-2.8660469902926972e-01 -1.1650614029430614e-01 -9.5093851839541399e-01
-3.6812293581287997e-01 9.2977240213625101e-01 -2.9638411381149969e-03
8.1809462328648219e-01 3.5255387499091262e-01 -4.5434232972356964e-01
-4.1592802963864456e-01 -1.8286500784416806e-01 -8.9082223988126119e-01
-3.9714614628706107e-01 9.1775059473423626e-01 -2.9638411381149969e-03
7.3253613353582847e-01 3.4277886835009380e-01 -5.8812707851025536e-01
-5.3113501149593756e-01 -2.5258235170832954e-01 -8.0876310200744206e-01
-4.2577742146289210e-01 9.0482307829659103e-01 -2.9638411381149969e-03
6.3070254314144958e-01 3.1900581155005375e-01 -7.0742462091179692e-01
-6.2937170157335376e-01 -3.2303194870655255e-01 -7.0678258423188989e-01
-4.5398850572847027e-01 8.9100261072128117e-01 -2.9638411381149969e-03
5.1589409754467686e-01 2.8087796853499053e-01 -8.0929651359079779e-01
-7.0835634841441542e-01 -3.9140888457661216e-01 -5.8739285723907786e-01
-4.8175155814959114e-01 8.7630283114123808e-01 -2.9638411381149969e-03
3.9172288086278173e-01 2.2859541801270991e-01 -8.9123359422328630e-01
-7.6644132057783076e-01 -4.5483382233224495e-01 -4.5353488969819145e-01
-5.0903917994538872e-01 8.6073824646418162e-01 -2.9638411381149969e-03
2.6199201036197345e-01 1.6292611471542570e-01 -9.5121778139931112e-01
-8.0265332140850210e-01 -5.1046223918760070e-01 -3.0850599345147328e-01
-5.3582444152762521e-01 8.4432421705605287e-01 -2.9638411381149969e-03
1.3057028382055080e-01 8.5195780057469250e-02 -9.8777177528183102e-01
-8.1671075212357680e-01 -5.5559464698955963e-01 -1.5587859250804095e-01
-5.6208090907694264e-01 8.2707694158218792e-01 -2.9638411381149969e-03
1.2665735794154009e-03 -2.7432889180715970e-03 -9.9999543506822064e-01
-8.0901787860257279e-01 -5.8778374136493827e-01 5.8778263678402017e-04
-5.8778267062985168e-01 8.0901344102119055e-01 -2.9638411381149969e-03
-1.2229176278683376e-01 -9.8563635500793903e-02 -9.8758793760928221e-01
-7.8063625858912256e-01 -6.0493450111695901e-01 1.5703910702227200e-01
-6.1290436165071094e-01 7.9015154186728176e-01 -2.9638411381149969e-03
-2.3677235757896919e-01 -1.9953268593961884e-01 -9.5085517189960012e-01
-7.3323466717318919e-01 -6.0539347959647904e-01 3.0962179787200039e-01
-6.3742119006346121e-01 7.7050985853770160e-01 -2.9638411381149969e-03
-3.3923941047991546e-01 -3.0259913219112555e-01 -8.9070218792501987e-01
-6.6901949213066547e-01 -5.8802388648586013e-01 4.5457763701186499e-01
-6.6130896071841183e-01 7.5010777500252734e-01 -2.9638411381149969e-03
-4.2724002961300228e-01 -4.0449275792317146e-01 -8.0861088657276159e-01
-5.9064823139581035e-01 -5.5226353943319550e-01 5.8833634067743978e-01
-6.8454409926993176e-01 7.2896542565503475e-01 -2.9638411381149969e-03
-4.9887255603855435e-01 -5.0183430068371659e-01 -7.0660350090333168e-01
-5.0112928971344861e-01 -4.9816335356430130e-01 7.0760349642781128e-01
-7.0710367544148289e-01 7.0710367544148300e-01 -2.9638411381149969e-03
-5.5283474440158387e-01 -5.9125155163310184e-01 -5.8719276909196094e-01
-4.0371172088757790e-01 -4.2640471250464301e-01 8.0944170115692893e-01
-7.2896542565503475e-01 6.8454409926993187e-01 -2.9638411381149969e-03
-5.8845039599391080e-01 -6.6949763587441058e-01 -4.5332002714769259e-01
-3.0176888066095814e-01 -3.3829480343645413e-01 8.9134290182427733e-01
-7.5010777500252723e-01 6.6130896071841194e-01 -2.9638411381149969e-03
-6.0567380896951628e-01 -7.3356730094017486e-01 -3.0828274703542025e-01
-1.9868013243545304e-01 -2.3573977485657299e-01 9.5129015737891620e-01
-7.7050985853770149e-01 6.3742119006346132e-01 -2.9638411381149969e-03
-6.0507219653780853e-01 -7.8080707309260977e-01 -1.5565330573252670e-01
-9.7714778112980252e-02 -1.2119636165366700e-01 9.8780730107660408e-01
-7.9015154186728176e-01 6.1290436165071094e-01 -2.9638411381149969e-03
-5.8778699979626026e-01 -8.0901532023065315e-01 8.0901335276922358e-04
-1.9222688583989834e-03 2.3966099668012676e-03 9.9999528056041509e-01
-8.0901344102119044e-01 5.8778267062985179e-01 -2.9638411381149969e-03
-5.5547576003443933e-01 -8.1652858061593669e-01 1.5725061860446085e-01
8.5967509660430791e-02 1.3170470260610032e-01 9.8755428134063727e-01
-8.2707694158218781e-01 5.6208090907694275e-01 -2.9638411381149969e-03
-5.1023688984161020e-01 -8.0229096755570839e-01 3.0981852692065698e-01
1.6363047618779283e-01 2.6309954625603976e-01 9.5079108957878988e-01
-8.4432421705605287e-01 5.3582444152762521e-01 -2.9638411381149969e-03
-4.5452026950767871e-01 -7.6590402618990094e-01 4.5475526085221574e-01
2.2921822719939366e-01 3.9277237166917167e-01 8.9061151372129777e-01
-8.6073824646418162e-01 5.0903917994538872e-01 -2.9638411381149969e-03
-3.9102707451733199e-01 -7.0765508008836597e-01 5.8849138873865048e-01
2.8140926624449963e-01 5.1685561218348952e-01 8.0849805258031548e-01
-8.7630283114123819e-01 4.8175155814959103e-01 -2.9638411381149969e-03
-3.2260259478366726e-01 -6.2852283951364174e-01 7.0773342866403721e-01
3.1943999988527777e-01 6.3154847547606319e-01 7.0647336085457191e-01
-8.9100261072128106e-01 4.5398850572847033e-01 -2.9638411381149969e-03
-2.5212602450592664e-01 -5.3015982436633169e-01 8.0954495143549454e-01
3.4311465248327427e-01 7.3324221646074850e-01 5.8705041287014770e-01
-9.0482307829659103e-01 4.2577742146289210e-01 -2.9638411381149969e-03
-1.8240127591648042e-01 -4.1485195570667177e-01 8.9141888547999126e-01
3.5279401980333458e-01 8.1864082071179789e-01 4.5317059288453221e-01
-9.1775059473423626e-01 3.9714614628706102e-01 -2.9638411381149969e-03
-1.1605279859890415e-01 -2.8545646228190596e-01 9.5133924342416420e-01
3.4936374763725558e-01 8.8487293566364933e-01 3.0813123757069333e-01
-9.2977240213625090e-01 3.6812293581288014e-01 -2.9638411381149969e-03
-5.5430171615354761e-02 -1.4532000486074845e-01 9.8783075081815730e-01
3.3418355898308250e-01 9.2959116041497347e-01 1.5550441596219591e-01
-9.4087663643013963e-01 3.3873643244507234e-01 -2.9638411381149969e-03
-2.5248865710210911e-03 1.8203852269272525e-03 9.9999515556098029e-01
3.0901953543979899e-01 9.5105521512491153e-01 -9.5105219570475110e-04
-9.5105233907728459e-01 3.0901563711458635e-01 -2.9638411381149969e-03
4.1097731050492761e-02 1.5195035058248510e-01 9.8753332473408784e-01
2.7596216111354477e-01 9.4819604378429856e-01 -1.5738217238730307e-01
-9.6028946788770075e-01 2.7898988065817854e-01 -2.9638411381149969e-03
7.4349090121272624e-02 3.0090153480734777e-01 9.5075258566502008e-01
2.3733333909825230e-01 9.2065854129285474e-01 -3.0993666529952002e-01
-9.6857890693046422e-01 2.4868879487241713e-01 -2.9638411381149969e-03
9.6648678068547100e-02 4.4448112033432041e-01 8.9055913149770671e-01
1.9558597376202502e-01 8.6882131529780160e-01 -4.5485783378079614e-01
-9.7591247553003579e-01 2.1814228327067914e-01 -2.9638411381149969e-03
1.0793518543055887e-01 5.7860327344440454e-01 8.0843567938673422e-01
1.5319996319230431e-01 7.9379267024687183e-01 -5.8857707051856656e-01
-9.8228293633960040e-01 1.8738049157198980e-01 -2.9638411381149969e-03
1.0865716656967016e-01 6.9941810911088675e-01 7.0640493259942827e-01
1.1257855653416236e-01 6.9738280862362756e-01 -7.0780172848397693e-01
-9.8768400248345400e-01 1.5643377795083982e-01 -2.9638411381149969e-03
9.9743749990389416e-02 8.0343385572736736e-01 5.8697974735838243e-01
7.5948996961839349e-02 5.8205305430320775e-01 -8.0959619060170829e-01
-9.9211034376139084e-01 1.2533268307733147e-01 -2.9638411381149969e-03
8.2556648235968019e-02 8.8762811631062721e-01 4.5310123258151730e-01
4.5271194201807086e-02 4.5084368720957424e-01 -8.9145414277954749e-01
-9.9555759190896886e-01 9.4107899977223547e-02 -2.9638411381149969e-03
5.8825406181348038e-02 9.4954448112554901e-01 3.0806630771898974e-01
2.2157857545887161e-02 3.0728270965818988e-01 -9.5136027124013156e-01
-9.9802234490845732e-01 6.2790243741622995e-02 -2.9638411381149969e-03
3.0568442886796734e-02 9.8737123459226772e-01 1.5544650333544943e-01
7.8090827037850053e-03 1.5527851744795645e-01 -9.8783986569002680e-01
-9.9950217034621902e-01 3.1410621116207259e-02 -2.9638411381149969e-03
2.9638406442028135e-06 9.9999950000004167e-01 -9.9999544114730992e-04
2.9638396561945512e-03 -9.9999983333336965e-04 -9.9999510781544620e-01
-9.9999560781320840e-01 6.1232071013492877e-17 -2.9638411381149969e-03
-3.0552771361861984e-02 9.8705885821179240e-01 -1.5742089628680919e-01
7.8701737787476318e-03 -1.5725197393586712e-01 -9.8752715256744494e-01
-9.9950217034621902e-01 -3.1410621116207141e-02 -2.9638411381149969e-03
-5.8781060755648637e-02 9.4892923721710087e-01 -3.0996465871291162e-01
2.2275231982296802e-02 -3.0917743780140006e-01 -9.5074345961184303e-01
-9.9802234490845732e-01 -6.2790243741622884e-02 -2.9638411381149969e-03
-8.2466344086513418e-02 8.8672867171653225e-01 -4.5487532890764620e-01
4.5435484870527010e-02 -4.5261016992298286e-01 -8.9055019555153025e-01
-9.9555759190896886e-01 -9.4107899977223658e-02 -2.9638411381149969e-03
-9.9592853502603745e-02 8.0227734807514539e-01 -5.8858501535183594e-01
7.6146761801560658e-02 -5.8364610451724019e-01 -8.0842989513561847e-01
-9.9211034376139096e-01 -1.2533268307733114e-01 -2.9638411381149969e-03
-1.0843456966271517e-01 6.9803915166497454e-01 -7.0780172848397638e-01
1.1279297558060243e-01 -6.9876306131540056e-01 -7.0640493259942883e-01
-9.8768400248345400e-01 -1.5643377795083971e-01 -2.9638411381149969e-03
-1.0763400459213458e-01 5.7704269303350120e-01 -8.0959042204815213e-01
1.5341171412741866e-01 -7.9492784691120499e-01 -5.8698770359659425e-01
-9.8228293633960051e-01 -1.8738049157198969e-01 -2.9638411381149969e-03
-9.6266742951590531e-02 4.4278448018220379e-01 -8.9144524134198400e-01
1.9577424321480461e-01 -8.6968721294453355e-01 -4.5311874529138613e-01
-9.7591247553003591e-01 -2.1814228327067883e-01 -2.9638411381149969e-03
-7.3889196755518541e-02 2.9911750261891873e-01 -9.5135120025669040e-01
2.3747692025165618e-01 -9.2123970981060399e-01 -3.0809431902562340e-01
-9.6857890693046422e-01 -2.4868879487241724e-01 -2.9638411381149969e-03
-4.0567646137054304e-02 1.5012897810860254e-01 -9.8783376942629653e-01
2.7604058388370223e-01 -9.4848612874538241e-01 -1.5548523925679422e-01
-9.6028946788770075e-01 -2.7898988065817826e-01 -2.9638411381149969e-03
3.1126717347032154e-03 1.1368505266917055e-05 -9.9999515556098029e-01
3.0901417380161950e-01 -9.5105695722676020e-01 9.5105219570196405e-04
-9.5105233907728470e-01 -3.0901563711458607e-01 -2.9638411381149969e-03
5.6058926872295627e-02 -1.4706901542911310e-01 -9.8753637979501185e-01
3.3407866100341332e-01 -9.2931605712755028e-01 1.5736300145545687e-01
-9.4087663643013963e-01 -3.3873643244507223e-01 -2.9638411381149969e-03
1.1670225796804949e-01 -2.8710143588561704e-01 -9.5076461256063582e-01
3.4914733739632675e-01 -8.8434058463972087e-01 3.0989976951932746e-01
-9.2977240213625101e-01 -3.6812293581287980e-01 -2.9638411381149969e-03
1.8304852497658883e-01 -4.1635387882542541e-01 -8.9058558549468914e-01
3.5245862646394521e-01 -8.1787797749808577e-01 4.5480603618992338e-01
-9.1775059473423626e-01 -3.9714614628706113e-01 -2.9638411381149969e-03
2.5274653016926435e-01 -5.3148587033284012e-01 -8.0848126825792355e-01
3.4265783001308819e-01 -7.3228161045389772e-01 5.8851444716486567e-01
-9.0482307829659092e-01 -4.2577742146289221e-01 -2.9638411381149969e-03
3.2317132850684943e-01 -6.2964726858294606e-01 -7.0647336085457146e-01
3.1886461095420937e-01 -6.3042743740454876e-01 7.0773342866403777e-01
-8.9100261072128117e-01 -4.5398850572847027e-01 -2.9638411381149969e-03
3.9151967535480947e-01 -7.0855984084041823e-01 -5.8707350115489432e-01
2.8072351512460708e-01 -5.1561457327023064e-01 8.0952820820984517e-01
-8.7630283114123797e-01 -4.8175155814959120e-01 -2.9638411381149969e-03
4.5491419134888006e-01 -7.6657904234979712e-01 -4.5322141425517687e-01
2.2843543854481138e-01 -3.9145329876064955e-01 8.9139304759810956e-01
-8.6073824646418162e-01 -5.0903917994538872e-01 -2.9638411381149969e-03
5.1051247778628761e-01 -8.0273410804316436e-01 -3.0821252701447843e-01
1.6276862878696466e-01 -2.6174437844155102e-01 9.5131291058045542e-01
-8.4432421705605276e-01 -5.3582444152762532e-01 -2.9638411381149969e-03
5.5561720412425375e-01 -8.1674532420617119e-01 -1.5561683028677703e-01
8.5048546044018597e-02 -1.3035385317892983e-01 9.8781304798894232e-01
-8.2707694158218792e-01 -5.6208090907694264e-01 -2.9638411381149969e-03
5.8778312007826494e-01 -8.0901813901077346e-01 8.0901335276897866e-04
-2.8733252709471279e-03 -1.0875931152218269e-03 9.9999528056041509e-01
-8.0901344102119055e-01 -5.8778267062985157e-01 -2.9638411381149969e-03
6.0491702141128878e-01 -7.8061457036135140e-01 1.5721415250052118e-01
-9.8670857357438399e-02 1.2243012704843999e-01 9.8756008723482291e-01
-7.9015154186728165e-01 -6.1290436165071105e-01 -2.9638411381149969e-03
6.0536691857883995e-01 -7.3320314882327386e-01 3.0974834373406457e-01
-1.9961325553823134e-01 2.3686994113588355e-01 9.5081395614479280e-01
-7.7050985853770160e-01 -6.3742119006346121e-01 -2.9638411381149969e-03
5.8799701360536127e-01 -6.6898936530327624e-01 4.5465672886508163e-01
-3.0265134705124708e-01 3.3929881754090141e-01 8.9066181828088475e-01
-7.5010777500252745e-01 -6.6130896071841172e-01 -2.9638411381149969e-03
5.5224557070457858e-01 -5.9062925216090367e-01 5.8837225982283192e-01
-4.0451728991076336e-01 4.2726626668456930e-01 8.0858475097956317e-01
-7.2896542565503475e-01 -6.8454409926993187e-01 -2.9638411381149969e-03
4.9816335356430158e-01 -5.0112928971344894e-01 7.0760349642781084e-01
-5.0183430068371626e-01 4.9887255603855413e-01 7.0660350090333213e-01
-7.0710367544148300e-01 -7.0710367544148289e-01 -2.9638411381149969e-03
4.2643097637743704e-01 -4.0373627824973418e-01 8.0941561636210035e-01
-5.9123260950365664e-01 5.5281681036725683e-01 5.8722872514452928e-01
-6.8454409926993198e-01 -7.2896542565503453e-01 -2.9638411381149969e-03
3.3835425295994892e-01 -3.0182113339805866e-01 8.9130264385237079e-01
-6.6946759292548952e-01 5.8842359683740519e-01 4.5339917590075290e-01
-6.6130896071841183e-01 -7.5010777500252734e-01 -2.9638411381149969e-03
2.3583740269261186e-01 -1.9876073935044292e-01 9.5124911983353144e-01
-7.3353592001297618e-01 6.0564736141510322e-01 3.0840935080123610e-01
-6.3742119006346143e-01 -7.7050985853770149e-01 -2.9638411381149969e-03
1.2133475620899987e-01 -9.7822024389189285e-02 9.8777969632914786e-01
-7.8078557901976975e-01 6.0505486728821389e-01 1.5582839011426833e-01
-6.1290436165071083e-01 -7.9015154186728176e-01 -2.9638411381149969e-03
-2.2176300409466705e-03 -2.0523059522348352e-03 9.9999543506822064e-01
-8.0901583063883276e-01 5.8778656014520381e-01 -5.8778263678409693e-04
-5.8778267062985179e-01 -8.0901344102119044e-01 -2.9638411381149969e-03
-1.3148832019958667e-01 8.5820307124593181e-02 9.8759591763844967e-01
-8.1656345332272162e-01 5.5549852167948655e-01 -1.5698891397030731e-01
-5.6208090907694286e-01 -8.2707694158218781e-01 -2.9638411381149969e-03
-2.6285202606948488e-01 1.6347305974634058e-01 9.5088662369829158e-01
-8.0237209588368352e-01 5.1028734574732804e-01 -3.0952519205611007e-01
-5.3582444152762554e-01 -8.4432421705605265e-01 -2.9638411381149969e-03
-3.9250297846889431e-01 2.2905835796969509e-01 8.9077139633986557e-01
-7.6604211710164671e-01 4.5460085758607249e-01 -4.5444200411981539e-01
-5.0903917994538850e-01 -8.6073824646418173e-01 -2.9638411381149969e-03
-5.1657636452172151e-01 2.8125496343706452e-01 8.0873018069040625e-01
-7.0785895193743420e-01 3.9113807495035080e-01 -5.8817234760414483e-01
-4.8175155814959103e-01 -8.7630283114123819e-01 -2.9638411381149969e-03
-6.3127374062469477e-01 3.1929898688251113e-01 7.0678258423188933e-01
-6.2879877629026626e-01 3.2274216437221737e-01 -7.0742462091179759e-01
-4.5398850572847038e-01 -8.9100261072128106e-01 -2.9638411381149969e-03
-7.3298816045899096e-01 3.4299383271025530e-01 5.8743815619150408e-01
-5.3051102156256380e-01 2.5229036387585396e-01 -8.0926363337050689e-01
-4.2577742146289232e-01 -9.0482307829659081e-01 -2.9638411381149969e-03
-8.1842473506069324e-01 3.5269901266577763e-01 4.5363461012737955e-01
-4.1527808939332445e-01 1.8258491813274610e-01 -8.9118284102662593e-01
-3.9714614628706146e-01 -9.1775059473423604e-01 -2.9638411381149969e-03
-8.8471246893033195e-01 3.4929851125809458e-01 3.0866551046735913e-01
-2.8595340782669948e-01 1.1624900110824453e-01 -9.5116603087664608e-01
-3.6812293581288019e-01 -9.2977240213625090e-01 -2.9638411381149969e-03
-9.2950348849483810e-01 3.3415012152018947e-01 1.5609920295750704e-01
-1.4587972515161723e-01 5.5631387794567590e-02 -9.8773693586994060e-01
-3.3873643244507218e-01 -9.4087663643013963e-01 -2.9638411381149969e-03
-9.5105618786460600e-01 3.0901785067174070e-01 -3.0901563219638167e-04
1.2097698580445968e-03 2.7232887917904122e-03 -9.9999556006766710e-01
-3.0901563711458641e-01 -9.5105233907728459e-01 -2.9638411381149969e-03
-9.4829934787852843e-01 2.7599009705444272e-01 -1.5670932691144154e-01
1.5130430695619024e-01 -4.0909707794556563e-02 -9.8764032041258376e-01
-2.7898988065817859e-01 -9.6028946788770064e-01 -2.9638411381149969e-03
-9.2087491970123536e-01 2.3738680100497067e-01 -3.0925214465524703e-01
3.0023868100254492e-01 -7.4178216195955077e-02 -9.5097546060444604e-01
-2.4868879487241763e-01 -9.6857890693046411e-01 -2.9638411381149969e-03
-8.6915788184135423e-01 1.9565915540929629e-01 -4.5418286112266643e-01
4.4382262299538677e-01 -9.6500440461989925e-02 -8.9090355499803497e-01
-2.1814228327067919e-01 -9.7591247553003579e-01 -2.9638411381149969e-03
-7.9425235458613075e-01 1.5328571310124070e-01 -5.8793425431202040e-01
5.7797210020261958e-01 -1.0781337178243047e-01 -8.0890328732937944e-01
-1.8738049157198963e-01 -9.8228293633960051e-01 -2.9638411381149969e-03
-6.9796396163068386e-01 1.1266883931964618e-01 -7.0721428217419724e-01
6.9883816537223309e-01 -1.0856354767889825e-01 -7.0699305140471014e-01
-1.5643377795083988e-01 -9.8768400248345389e-01 -2.9638411381149969e-03
-5.8274923714155336e-01 7.6035424454406086e-02 -8.0908710336957901e-01
8.0292904117585295e-01 -9.9677881346330349e-02 -5.8768126974298940e-01
-1.2533268307733153e-01 -9.9211034376139084e-01 -2.9638411381149969e-03
-4.5164365952564617e-01 4.5345596789610101e-02 -8.9104533086823168e-01
8.8722134102610439e-01 -8.2515804814648749e-02 -4.5390465296539062e-01
-9.4107899977223616e-02 -9.9555759190896886e-01 -2.9638411381149969e-03
-3.0817062352446467e-01 2.2212863497361068e-02 -9.5107174045483567e-01
9.4925668398353147e-01 -5.8804657627368438e-02 -3.0895591943498635e-01
-6.2790243741623064e-02 -9.9802234490845732e-01 -2.9638411381149969e-03
-1.5623431448092440e-01 7.8386722210001727e-03 -9.8768891569992190e-01
9.8722044744817239e-01 -3.0560868623283905e-02 -1.5640275396942560e-01
-3.1410621116207106e-02 -9.9950217034621902e-01 -2.9638411381149969e-03
-6.1196043371737923e-16 2.9638411381149969e-03 -9.9999560781320840e-01
1.0000000000000000e+00 -1.2064985063324843e-16 -6.1232071013492887e-16
-1.2246414202698575e-16 -9.9999560781320840e-01 -2.9638411381149969e-03
1.5623431448092320e-01 7.8386722210000963e-03 -9.8768891569992212e-01
9.8722044744817261e-01 3.0560868623283666e-02 1.5640275396942441e-01
3.1410621116206856e-02 -9.9950217034621902e-01 -2.9638411381149969e-03
3.0817062352446523e-01 2.2212863497361027e-02 -9.5107174045483556e-01
9.4925668398353136e-01 5.8804657627368195e-02 3.0895591943498690e-01
6.2790243741622814e-02 -9.9802234490845732e-01 -2.9638411381149969e-03
4.5164365952564350e-01 4.5345596789609734e-02 -8.9104533086823301e-01
8.8722134102610573e-01 8.2515804814648666e-02 4.5390465296538796e-01
9.4107899977223367e-02 -9.9555759190896886e-01 -2.9638411381149969e-03
5.8274923714155091e-01 7.6035424454405642e-02 -8.0908710336958078e-01
8.0292904117585484e-01 9.9677881346330391e-02 5.8768126974298684e-01
1.2533268307733131e-01 -9.9211034376139096e-01 -2.9638411381149969e-03
6.9796396163068297e-01 1.1266883931964586e-01 -7.0721428217419813e-01
6.9883816537223398e-01 1.0856354767889824e-01 7.0699305140470914e-01
1.5643377795083965e-01 -9.8768400248345400e-01 -2.9638411381149969e-03
7.9425235458613208e-01 1.5328571310124117e-01 -5.8793425431201851e-01
5.7797210020261769e-01 1.0781337178243025e-01 8.0890328732938088e-01
1.8738049157198985e-01 -9.8228293633960040e-01 -2.9638411381149969e-03
8.6915788184135223e-01 1.9565915540929563e-01 -4.5418286112267070e-01
4.4382262299539099e-01 9.6500440461990772e-02 8.9090355499803286e-01
2.1814228327067897e-01 -9.7591247553003591e-01 -2.9638411381149969e-03
9.2087491970123470e-01 2.3738680100496981e-01 -3.0925214465524986e-01
3.0023868100254775e-01 7.4178216195955576e-02 9.5097546060444516e-01
2.4868879487241696e-01 -9.6857890693046433e-01 -2.9638411381149969e-03
9.4829934787852788e-01 2.7599009705444194e-01 -1.5670932691144626e-01
1.5130430695619479e-01 4.0909707794557784e-02 9.8764032041258298e-01
2.7898988065817798e-01 -9.6028946788770086e-01 -2.9638411381149969e-03
9.5105618786460611e-01 3.0901785067174048e-01 -3.0901563219938268e-04
1.2097698580474502e-03 -2.7232887917894855e-03 9.9999556006766710e-01
3.0901563711458618e-01 -9.5105233907728470e-01 -2.9638411381149969e-03
9.2950348849483777e-01 3.3415012152018958e-01 1.5609920295750934e-01
-1.4587972515161940e-01 -5.5631387794568402e-02 9.8773693586994027e-01
3.3873643244507240e-01 -9.4087663643013963e-01 -2.9638411381149969e-03
8.8471246893033284e-01 3.4929851125809469e-01 3.0866551046735624e-01
-2.8595340782669687e-01 -1.1624900110824340e-01 9.5116603087664697e-01
3.6812293581287997e-01 -9.2977240213625101e-01 -2.9638411381149969e-03
8.1842473506069402e-01 3.5269901266577730e-01 4.5363461012737843e-01
-4.1527808939332361e-01 -1.8258491813274541e-01 8.9118284102662648e-01
3.9714614628706085e-01 -9.1775059473423637e-01 -2.9638411381149969e-03
7.3298816045899373e-01 3.4299383271025602e-01 5.8743815619150030e-01
-5.3051102156256058e-01 -2.5229036387585202e-01 8.0926363337050966e-01
4.2577742146289171e-01 -9.0482307829659114e-01 -2.9638411381149969e-03
6.3127374062469321e-01 3.1929898688251052e-01 7.0678258423189100e-01
-6.2879877629026759e-01 -3.2274216437221831e-01 7.0742462091179592e-01
4.5398850572847060e-01 -8.9100261072128095e-01 -2.9638411381149969e-03
5.1657636452172229e-01 2.8125496343706508e-01 8.0873018069040548e-01
-7.0785895193743342e-01 -3.9113807495035058e-01 5.8817234760414583e-01
4.8175155814959120e-01 -8.7630283114123797e-01 -2.9638411381149969e-03
3.9250297846889248e-01 2.2905835796969415e-01 8.9077139633986657e-01
-7.6604211710164749e-01 -4.5460085758607321e-01 4.5444200411981334e-01
5.0903917994538872e-01 -8.6073824646418162e-01 -2.9638411381149969e-03
2.6285202606949026e-01 1.6347305974634374e-01 9.5088662369828947e-01
-8.0237209588368208e-01 -5.1028734574732637e-01 3.0952519205611628e-01
5.3582444152762498e-01 -8.4432421705605298e-01 -2.9638411381149969e-03
1.3148832019958775e-01 8.5820307124593778e-02 9.8759591763844945e-01
-8.1656345332272173e-01 -5.5549852167948588e-01 1.5698891397030854e-01
5.6208090907694230e-01 -8.2707694158218814e-01 -2.9638411381149969e-03
2.2176300409505341e-03 -2.0523059522320288e-03 9.9999543506822064e-01
-8.0901583063883320e-01 -5.8778656014520325e-01 5.8778263678887425e-04
5.8778267062985123e-01 -8.0901344102119088e-01 -2.9638411381149969e-03
-1.2133475620900031e-01 -9.7822024389189660e-02 9.8777969632914775e-01
-7.8078557901976964e-01 -6.0505486728821412e-01 -1.5582839011426888e-01
6.1290436165071105e-01 -7.9015154186728165e-01 -2.9638411381149969e-03
-2.3583740269261361e-01 -1.9876073935044428e-01 9.5124911983353067e-01
-7.3353592001297574e-01 -6.0564736141510245e-01 -3.0840935080123832e-01
6.3742119006346121e-01 -7.7050985853770160e-01 -2.9638411381149969e-03
-3.3835425295994936e-01 -3.0182113339805894e-01 8.9130264385237057e-01
-6.6946759292548941e-01 -5.8842359683740497e-01 -4.5339917590075340e-01
6.6130896071841172e-01 -7.5010777500252745e-01 -2.9638411381149969e-03
-4.2643097637743549e-01 -4.0373627824973229e-01 8.0941561636210213e-01
-5.9123260950365830e-01 -5.5281681036725761e-01 -5.8722872514452684e-01
6.8454409926993154e-01 -7.2896542565503497e-01 -2.9638411381149969e-03
-4.9816335356430042e-01 -5.0112928971344706e-01 7.0760349642781295e-01
-5.0183430068371804e-01 -4.9887255603855524e-01 -7.0660350090333002e-01
7.0710367544148256e-01 -7.0710367544148334e-01 -2.9638411381149969e-03
-5.5224557070457936e-01 -5.9062925216090467e-01 5.8837225982283003e-01
-4.0451728991076197e-01 -4.2726626668456791e-01 -8.0858475097956450e-01
7.2896542565503475e-01 -6.8454409926993176e-01 -2.9638411381149969e-03
-5.8799701360535994e-01 -6.6898936530327446e-01 4.5465672886508585e-01
-3.0265134705124996e-01 -3.3929881754090446e-01 -8.9066181828088253e-01
7.5010777500252723e-01 -6.6130896071841194e-01 -2.9638411381149969e-03
-6.0536691857883929e-01 -7.3320314882327331e-01 3.0974834373406740e-01
-1.9961325553823314e-01 -2.3686994113588578e-01 -9.5081395614479192e-01
7.7050985853770171e-01 -6.3742119006346121e-01 -2.9638411381149969e-03
-6.0491702141128889e-01 -7.8061457036135184e-01 1.5721415250051887e-01
-9.8670857357436970e-02 -1.2243012704843818e-01 -9.8756008723482325e-01
7.9015154186728176e-01 -6.1290436165071094e-01 -2.9638411381149969e-03
-5.8778312007826516e-01 -8.0901813901077335e-01 8.0901335276842691e-04
-2.8733252709468035e-03 1.0875931152222740e-03 -9.9999528056041509e-01
8.0901344102119044e-01 -5.8778267062985179e-01 -2.9638411381149969e-03
-5.5561720412425419e-01 -8.1674532420617119e-01 -1.5561683028677584e-01
8.5048546044017972e-02 1.3035385317892881e-01 -9.8781304798894254e-01
8.2707694158218770e-01 -5.6208090907694297e-01 -2.9638411381149969e-03
-5.1051247778628639e-01 -8.0273410804316347e-01 -3.0821252701448232e-01
1.6276862878696660e-01 2.6174437844155440e-01 -9.5131291058045409e-01
8.4432421705605309e-01 -5.3582444152762487e-01 -2.9638411381149969e-03
-4.5491419134887978e-01 -7.6657904234979690e-01 -4.5322141425517737e-01
2.2843543854481158e-01 3.9145329876064999e-01 -8.9139304759810922e-01
8.6073824646418173e-01 -5.0903917994538861e-01 -2.9638411381149969e-03
-3.9151967535480925e-01 -7.0855984084041812e-01 -5.8707350115489487e-01
2.8072351512460736e-01 5.1561457327023119e-01 -8.0952820820984484e-01
8.7630283114123808e-01 -4.8175155814959114e-01 -2.9638411381149969e-03
-3.2317132850684993e-01 -6.2964726858294662e-01 -7.0647336085457058e-01
3.1886461095420904e-01 6.3042743740454787e-01 -7.0773342866403854e-01
8.9100261072128106e-01 -4.5398850572847044e-01 -2.9638411381149969e-03
-2.5274653016926318e-01 -5.3148587033283867e-01 -8.0848126825792499e-01
3.4265783001308830e-01 7.3228161045389928e-01 -5.8851444716486379e-01
9.0482307829659125e-01 -4.2577742146289160e-01 -2.9638411381149969e-03
-1.8304852497658783e-01 -4.1635387882542357e-01 -8.9058558549469025e-01
3.5245862646394532e-01 8.1787797749808688e-01 -4.5480603618992133e-01
9.1775059473423637e-01 -3.9714614628706074e-01 -2.9638411381149969e-03
-1.1670225796804991e-01 -2.8710143588561815e-01 -9.5076461256063549e-01
3.4914733739632658e-01 8.8434058463972054e-01 -3.0989976951932863e-01
9.2977240213625101e-01 -3.6812293581287980e-01 -2.9638411381149969e-03
-5.6058926872294843e-02 -1.4706901542911094e-01 -9.8753637979501219e-01
3.3407866100341344e-01 9.2931605712755050e-01 -1.5736300145545457e-01
9.4087663643013963e-01 -3.3873643244507223e-01 -2.9638411381149969e-03
-3.1126717347046916e-03 1.1368505262374790e-05 -9.9999515556098029e-01
3.0901417380161988e-01 9.5105695722676009e-01 -9.5105219570674148e-04
9.5105233907728459e-01 -3.0901563711458646e-01 -2.9638411381149969e-03
4.0567646137053534e-02 1.5012897810859968e-01 -9.8783376942629708e-01
2.7604058388370278e-01 9.4848612874538285e-01 1.5548523925679125e-01
9.6028946788770064e-01 -2.7898988065817865e-01 -2.9638411381149969e-03
7.3889196755518541e-02 2.9911750261891934e-01 -9.5135120025669029e-01
2.3747692025165576e-01 9.2123970981060399e-01 3.0809431902562395e-01
9.6857890693046433e-01 -2.4868879487241682e-01 -2.9638411381149969e-03
9.6266742951590656e-02 4.4278448018220429e-01 -8.9144524134198366e-01
1.9577424321480455e-01 8.6968721294453322e-01 4.5311874529138663e-01
9.7591247553003591e-01 -2.1814228327067886e-01 -2.9638411381149969e-03
1.0763400459213442e-01 5.7704269303350020e-01 -8.0959042204815279e-01
1.5341171412741880e-01 7.9492784691120566e-01 5.8698770359659325e-01
9.8228293633960051e-01 -1.8738049157198972e-01 -2.9638411381149969e-03
1.0843456966271542e-01 6.9803915166497488e-01 -7.0780172848397593e-01
1.1279297558060254e-01 6.9876306131540000e-01 7.0640493259942927e-01
9.8768400248345389e-01 -1.5643377795083996e-01 -2.9638411381149969e-03
9.9592853502603898e-02 8.0227734807514350e-01 -5.8858501535183827e-01
7.6146761801561214e-02 5.8364610451724253e-01 8.0842989513561669e-01
9.9211034376139084e-01 -1.2533268307733161e-01 -2.9638411381149969e-03
8.2466344086513058e-02 8.8672867171653247e-01 -4.5487532890764576e-01
4.5435484870526774e-02 4.5261016992298242e-01 8.9055019555153048e-01
9.9555759190896886e-01 -9.4107899977223228e-02 -2.9638411381149969e-03
5.8781060755648491e-02 9.4892923721710154e-01 -3.0996465871290946e-01
2.2275231982296601e-02 3.0917743780139789e-01 9.5074345961184370e-01
9.9802234490845732e-01 -6.2790243741622676e-02 -2.9638411381149969e-03
3.0552771361862002e-02 9.8705885821179251e-01 -1.5742089628680864e-01
7.8701737787476161e-03 1.5725197393586657e-01 9.8752715256744505e-01
9.9950217034621902e-01 -3.1410621116207155e-02 -2.9638411381149969e-03
-2.9638406439694110e-06 9.9999950000004167e-01 -9.9999544115119917e-04
2.9638396561945512e-03 9.9999983333725804e-04 9.9999510781544620e-01
9.9999560781320840e-01 -1.8369621304047863e-16 -2.9638411381149969e-03
-3.0568442886796301e-02 9.8737123459226805e-01 1.5544650333544735e-01
7.8090827037848700e-03 -1.5527851744795437e-01 9.8783986569002713e-01
9.9950217034621902e-01 3.1410621116206801e-02 -2.9638411381149969e-03
-5.8825406181347427e-02 9.4954448112554946e-01 3.0806630771898852e-01
2.2157857545886877e-02 -3.0728270965818866e-01 9.5136027124013200e-01
9.9802234490845732e-01 6.2790243741622315e-02 -2.9638411381149969e-03
-8.2556648235968227e-02 8.8762811631062744e-01 4.5310123258151697e-01
4.5271194201807148e-02 -4.5084368720957391e-01 8.9145414277954771e-01
9.9555759190896886e-01 9.4107899977223755e-02 -2.9638411381149969e-03
-9.9743749990389305e-02 8.0343385572736825e-01 5.8697974735838154e-01
7.5948996961839099e-02 -5.8205305430320697e-01 8.0959619060170906e-01
9.9211034376139096e-01 1.2533268307733123e-01 -2.9638411381149969e-03
-1.0865716656967002e-01 6.9941810911088698e-01 7.0640493259942805e-01
1.1257855653416216e-01 -6.9738280862362734e-01 7.0780172848397716e-01
9.8768400248345400e-01 1.5643377795083957e-01 -2.9638411381149969e-03
-1.0793518543055879e-01 5.7860327344440565e-01 8.0843567938673355e-01
1.5319996319230381e-01 -7.9379267024687128e-01 5.8857707051856756e-01
9.8228293633960051e-01 1.8738049157198935e-01 -2.9638411381149969e-03
-9.6648678068547558e-02 4.4448112033432396e-01 8.9055913149770494e-01
1.9558597376202405e-01 -8.6882131529780016e-01 4.5485783378079964e-01
9.7591247553003602e-01 2.1814228327067847e-01 -2.9638411381149969e-03
-7.4349090121272554e-02 3.0090153480734727e-01 9.5075258566502030e-01
2.3733333909825258e-01 -9.2065854129285496e-01 3.0993666529951946e-01
9.6857890693046422e-01 2.4868879487241735e-01 -2.9638411381149969e-03
-4.1097731050493316e-02 1.5195035058248710e-01 9.8753332473408750e-01
2.7596216111354455e-01 -9.4819604378429823e-01 1.5738217238730515e-01
9.6028946788770075e-01 2.7898988065817837e-01 -2.9638411381149969e-03
2.5248865710204389e-03 1.8203852269292613e-03 9.9999515556098029e-01
3.0901953543979876e-01 -9.5105521512491165e-01 9.5105219570686388e-04
9.5105233907728470e-01 3.0901563711458613e-01 -2.9638411381149969e-03
5.5430171615354573e-02 -1.4532000486074814e-01 9.8783075081815741e-01
3.3418355898308205e-01 -9.2959116041497369e-01 -1.5550441596219558e-01
9.4087663643013975e-01 3.3873643244507190e-01 -2.9638411381149969e-03
1.1605279859890230e-01 -2.8545646228190180e-01 9.5133924342416565e-01
3.4936374763725558e-01 -8.8487293566365088e-01 -3.0813123757068878e-01
9.2977240213625112e-01 3.6812293581287953e-01 -2.9638411381149969e-03
1.8240127591647912e-01 -4.1485195570666950e-01 8.9141888547999260e-01
3.5279401980333458e-01 -8.1864082071179944e-01 -4.5317059288452954e-01
9.1775059473423659e-01 3.9714614628706041e-01 -2.9638411381149969e-03
2.5212602450592453e-01 -5.3015982436632836e-01 8.0954495143549743e-01
3.4311465248327488e-01 -7.3324221646075138e-01 -5.8705041287014381e-01
9.0482307829659137e-01 4.2577742146289127e-01 -2.9638411381149969e-03
3.2260259478366532e-01 -6.2852283951363963e-01 7.0773342866403999e-01
3.1943999988527838e-01 -6.3154847547606596e-01 -7.0647336085456913e-01
8.9100261072128162e-01 4.5398850572846938e-01 -2.9638411381149969e-03
3.9102707451733354e-01 -7.0765508008836775e-01 5.8849138873864715e-01
2.8140926624449825e-01 -5.1685561218348652e-01 -8.0849805258031793e-01
8.7630283114123786e-01 4.8175155814959153e-01 -2.9638411381149969e-03
4.5452026950767921e-01 -7.6590402618990117e-01 4.5475526085221446e-01
2.2921822719939311e-01 -3.9277237166917045e-01 -8.9061151372129832e-01
8.6073824646418140e-01 5.0903917994538894e-01 -2.9638411381149969e-03
5.1023688984160986e-01 -8.0229096755570783e-01 3.0981852692065898e-01
1.6363047618779389e-01 -2.6309954625604143e-01 -9.5079108957878922e-01
8.4432421705605287e-01 5.3582444152762521e-01 -2.9638411381149969e-03
5.5547576003443910e-01 -8.1652858061593658e-01 1.5725061860446207e-01
8.5967509660431457e-02 -1.3170470260610134e-01 -9.8755428134063705e-01
8.2707694158218792e-01 5.6208090907694264e-01 -2.9638411381149969e-03
5.8778699979625992e-01 -8.0901532023065337e-01 8.0901335276867183e-04
-1.9222688583993082e-03 -2.3966099668008200e-03 -9.9999528056041509e-01
8.0901344102119066e-01 5.8778267062985146e-01 -2.9638411381149969e-03
6.0507219653780830e-01 -7.8080707309261022e-01 -1.5565330573252548e-01
-9.7714778112979461e-02 1.2119636165366607e-01 -9.8780730107660430e-01
7.9015154186728198e-01 6.1290436165071061e-01 -2.9638411381149969e-03
6.0567380896951717e-01 -7.3356730094017664e-01 -3.0828274703541397e-01
-1.9868013243544891e-01 2.3573977485656830e-01 -9.5129015737891820e-01
7.7050985853770193e-01 6.3742119006346087e-01 -2.9638411381149969e-03
5.8845039599391169e-01 -6.6949763587441258e-01 -4.5332002714768832e-01
-3.0176888066095503e-01 3.3829480343645107e-01 -8.9134290182427944e-01
7.5010777500252779e-01 6.6130896071841128e-01 -2.9638411381149969e-03
5.5283474440158409e-01 -5.9125155163310328e-01 -5.8719276909195928e-01
-4.0371172088757629e-01 4.2640471250464224e-01 -8.0944170115693015e-01
7.2896542565503541e-01 6.8454409926993109e-01 -2.9638411381149969e-03
4.9887255603855590e-01 -5.0183430068371937e-01 -7.0660350090332857e-01
-5.0112928971344572e-01 4.9816335356429969e-01 -7.0760349642781428e-01
7.0710367544148378e-01 7.0710367544148212e-01 -2.9638411381149969e-03
4.2724002961300361e-01 -4.0449275792317307e-01 -8.0861088657276015e-01
-5.9064823139580913e-01 5.5226353943319473e-01 -5.8833634067744178e-01
6.8454409926993209e-01 7.2896542565503453e-01 -2.9638411381149969e-03
3.3923941047991490e-01 -3.0259913219112483e-01 -8.9070218792502032e-01
-6.6901949213066603e-01 5.8802388648586024e-01 -4.5457763701186410e-01
6.6130896071841161e-01 7.5010777500252757e-01 -2.9638411381149969e-03
2.3677235757896786e-01 -1.9953268593961773e-01 -9.5085517189960078e-01
-7.3323466717318986e-01 6.0539347959647938e-01 -3.0962179787199862e-01
6.3742119006346121e-01 7.7050985853770171e-01 -2.9638411381149969e-03
1.2229176278683332e-01 -9.8563635500793556e-02 -9.8758793760928232e-01
-7.8063625858912267e-01 6.0493450111695912e-01 -1.5703910702227145e-01
6.1290436165071094e-01 7.9015154186728176e-01 -2.9638411381149969e-03
-1.2665735794140512e-03 -2.7432889180725780e-03 -9.9999543506822064e-01
-8.0901787860257268e-01 5.8778374136493838e-01 -5.8778263678568898e-04
5.8778267062985179e-01 8.0901344102119044e-01 -2.9638411381149969e-03
-1.3057028382054867e-01 8.5195780057467876e-02 -9.8777177528183147e-01
-8.1671075212357702e-01 5.5559464698956029e-01 1.5587859250803843e-01
5.6208090907694297e-01 8.2707694158218770e-01 -2.9638411381149969e-03
-2.6199201036196984e-01 1.6292611471542359e-01 -9.5121778139931246e-01
-8.0265332140850287e-01 5.1046223918760192e-01 3.0850599345146912e-01
5.3582444152762565e-01 8.4432421705605254e-01 -2.9638411381149969e-03
-3.9172288086278062e-01 2.2859541801270966e-01 -8.9123359422328685e-01
-7.6644132057783099e-01 4.5483382233224584e-01 4.5353488969819034e-01
5.0903917994538939e-01 8.6073824646418129e-01 -2.9638411381149969e-03
-5.1589409754467319e-01 2.8087796853498914e-01 -8.0929651359080068e-01
-7.0835634841441752e-01 3.9140888457661421e-01 5.8739285723907397e-01
4.8175155814959192e-01 8.7630283114123764e-01 -2.9638411381149969e-03
-6.3070254314144902e-01 3.1900581155005375e-01 -7.0742462091179747e-01
-6.2937170157335420e-01 3.2303194870655294e-01 7.0678258423188944e-01
4.5398850572847049e-01 8.9100261072128106e-01 -2.9638411381149969e-03
-7.3253613353582714e-01 3.4277886835009341e-01 -5.8812707851025736e-01
-5.3113501149593922e-01 2.5258235170833060e-01 8.0876310200744062e-01
4.2577742146289244e-01 9.0482307829659081e-01 -2.9638411381149969e-03
-8.1809462328648308e-01 3.5255387499091267e-01 -4.5434232972356797e-01
-4.1592802963864306e-01 1.8286500784416726e-01 8.9082223988126208e-01
3.9714614628706074e-01 9.1775059473423637e-01 -2.9638411381149969e-03
-8.8450169622383912e-01 3.4921282837191009e-01 -3.0936572188534783e-01
-2.8660469902926905e-01 1.1650614029430585e-01 9.5093851839541432e-01
